64 59
185 186 186 186 186 186 186 186 185 186 186 186 186 186 186 186 185 186 186 186 187 188 187 188 185 186 186 186 186 186 186 186 185 186 186 186 186 186 186 186 185 186 186 186 186 186 186 186 185 186 186 186 186 186 186 186 185 186 186 186 186 186 186 186
189 49 49 49 49 190 191 49 192 191 49 49 49 49 190 49 192 49 49 49 193 194 193 194 192 191 49 49 190 191 190 49 192 49 49 49 195 49 49 190 192 191 49 49 49 49 190 49 192 49 49 49 49 190 191 49 192 191 49 49 49 49 190 49
192 191 49 49 190 49 49 191 189 49 191 190 191 190 49 49 189 80 49 49 196 197 196 197 189 49 191 190 49 49 49 49 189 191 49 49 190 49 190 49 198 49 191 190 191 190 49 49 192 191 49 49 190 49 49 191 189 49 191 190 191 190 49 49
189 49 191 190 49 49 49 49 189 49 49 49 49 49 49 49 189 49 191 190 193 194 193 194 189 49 49 49 49 49 49 49 189 49 191 190 49 49 199 49 192 49 49 49 49 49 49 49 189 49 191 190 49 49 49 49 189 49 49 49 49 49 49 49
189 49 49 49 49 200 201 202 189 49 49 49 49 49 49 49 189 49 200 201 203 204 203 204 192 49 49 49 49 205 206 49 192 49 49 49 49 49 49 191 189 49 49 49 49 49 49 49 189 49 49 49 49 200 201 202 189 49 49 49 49 49 49 49
189 207 207 207 207 208 209 210 192 207 207 207 207 207 207 207 192 49 49 49 49 49 49 49 192 49 49 49 49 49 49 49 192 207 207 207 207 207 207 207 192 207 207 207 207 207 207 207 189 207 207 207 207 208 209 210 192 207 207 207 207 207 207 211
192 49 49 49 49 191 49 49 192 49 205 212 212 206 49 213 192 207 207 207 207 207 207 207 192 207 207 207 207 207 207 207 200 214 201 201 202 201 201 202 192 49 215 216 215 216 49 213 192 49 49 49 49 191 49 49 192 49 205 212 212 206 49 217
192 49 49 49 49 49 191 190 192 49 49 49 49 49 213 49 189 49 49 49 49 49 49 49 189 49 49 49 49 49 213 49 218 49 49 49 49 49 49 49 192 49 49 49 49 49 213 49 192 49 49 49 49 49 191 190 192 49 49 49 49 49 213 49
189 49 49 49 49 49 49 213 192 49 49 49 49 49 219 49 189 49 49 49 49 49 49 49 189 49 49 49 49 49 191 49 189 49 49 220 221 49 49 213 192 49 49 49 49 49 191 49 189 49 49 49 49 49 49 213 192 49 49 49 49 49 191 49
185 49 49 49 49 49 49 191 189 49 49 49 49 49 49 191 187 188 187 188 49 49 49 187 188 49 49 187 188 49 49 191 185 49 49 222 223 49 49 191 185 49 49 49 49 49 49 191 185 49 49 49 49 49 49 191 189 49 49 49 49 49 49 191
185 207 207 207 207 207 207 207 192 207 207 207 207 207 224 49 193 194 193 194 207 207 207 193 194 207 207 193 194 207 207 207 185 207 207 225 226 207 207 207 185 207 207 207 207 207 207 207 185 207 207 207 207 207 207 207 192 207 207 207 207 207 207 211
200 214 201 202 49 49 49 49 192 49 49 49 49 200 202 202 227 204 203 204 201 201 201 203 204 201 201 203 204 201 201 202 200 201 228 201 201 228 201 201 214 201 201 201 214 201 201 202 200 214 201 202 49 49 49 49 192 49 49 49 49 200 214 202
229 230 230 231 215 216 49 49 185 49 49 215 216 229 230 231 229 230 230 230 230 230 230 230 230 230 230 230 230 230 230 231 229 230 230 230 230 230 230 230 230 230 230 230 230 230 230 231 229 230 230 231 215 216 49 49 185 49 49 215 216 229 230 231
208 209 209 210 49 49 49 49 185 49 49 49 49 208 209 210 208 209 209 209 209 209 209 209 209 209 209 209 209 209 209 210 208 209 209 209 209 209 209 209 209 209 209 209 209 209 209 210 208 209 209 210 49 49 49 49 185 49 49 49 49 208 209 210
185 232 232 232 232 232 232 232 185 232 232 232 232 232 232 232 233 201 201 201 201 201 201 201 201 201 201 201 201 214 201 234 235 232 232 232 232 232 232 232 185 232 232 232 232 232 232 232 185 232 232 232 232 232 232 232 185 232 232 232 232 232 232 232
185 186 186 186 186 186 186 186 185 186 186 186 186 186 186 186 236 230 230 230 230 230 230 230 230 230 230 230 230 230 230 237 185 186 186 186 186 186 186 186 185 186 186 186 186 186 186 186 185 186 186 186 186 186 186 186 185 186 186 186 186 186 186 186
192 49 49 49 49 49 49 49 192 191 49 49 49 49 190 49 238 239 239 239 239 239 239 239 239 239 239 239 239 239 239 240 192 49 49 49 49 49 49 49 192 191 49 49 49 49 190 49 192 190 191 49 49 49 49 49 192 191 49 49 49 49 190 49
192 191 49 49 190 191 49 49 192 49 191 190 191 190 49 49 238 239 239 239 239 239 239 239 239 239 239 239 239 239 239 240 192 191 49 49 190 191 49 49 192 49 191 190 191 190 49 49 189 49 49 191 190 191 49 49 189 49 191 190 191 190 49 49
189 49 191 190 49 49 191 49 189 49 49 49 49 49 49 49 229 230 230 230 230 230 230 230 230 230 230 230 230 230 230 231 189 49 191 190 49 49 191 49 189 49 49 49 49 49 49 49 189 49 49 49 49 49 215 216 215 216 49 49 49 49 49 49
189 49 49 49 49 49 49 191 192 49 49 49 49 49 49 49 238 239 239 239 239 239 239 239 239 239 239 239 239 239 239 240 189 49 49 49 49 49 49 191 192 49 49 49 49 49 49 49 192 49 49 49 49 49 49 49 49 49 49 49 49 49 49 49
189 207 207 207 207 207 207 207 192 207 207 207 207 207 207 207 238 239 239 239 239 239 239 239 239 239 239 239 239 239 239 240 189 207 207 207 207 207 207 207 192 207 207 207 207 207 207 207 192 207 207 207 207 207 207 207 189 207 207 207 207 207 207 211
192 49 49 49 49 49 49 191 192 49 49 49 49 49 49 213 238 239 239 239 239 239 239 239 239 239 239 239 239 239 239 240 192 49 49 49 49 49 49 191 192 49 49 49 49 49 49 213 192 241 242 243 49 49 49 191 189 49 49 49 241 242 243 49
192 49 49 49 49 49 49 49 192 49 49 49 49 49 213 49 238 239 239 239 239 239 239 239 239 239 239 239 239 239 239 240 192 49 49 49 49 49 49 49 192 49 49 49 49 49 213 49 192 49 49 49 49 205 206 49 189 205 206 49 49 49 49 49
189 49 49 49 49 49 49 213 189 49 49 49 49 49 191 49 238 239 239 239 239 239 239 239 239 239 239 239 239 239 239 240 189 49 49 49 49 49 49 49 189 49 49 49 49 49 191 49 189 49 49 49 49 49 49 49 192 49 49 49 49 49 49 49
192 49 49 49 49 49 49 191 189 49 49 49 49 49 49 191 229 230 230 230 230 230 230 230 230 230 230 230 230 230 230 231 192 49 49 49 49 49 49 244 189 49 49 49 49 49 49 191 185 49 49 49 49 49 49 49 189 49 49 49 49 49 49 49
192 207 207 207 207 207 207 207 192 207 207 207 207 207 207 207 238 239 239 239 239 239 239 239 239 239 239 239 239 239 239 240 192 207 207 207 207 207 207 49 245 49 207 207 207 207 207 207 185 207 207 207 207 207 207 207 185 207 207 207 207 207 207 211
189 190 49 49 49 49 49 49 192 49 49 49 49 49 49 191 238 239 239 239 239 239 239 239 239 239 239 239 239 239 239 240 189 190 49 49 49 49 49 49 245 49 49 49 49 49 49 191 200 246 247 247 247 247 247 247 247 247 247 247 247 247 248 202
185 49 49 49 49 49 49 49 185 49 49 49 49 49 49 49 238 239 239 239 239 239 239 239 239 239 239 239 239 239 239 240 185 49 49 49 49 49 49 49 185 49 49 49 49 49 49 49 229 230 230 230 231 230 230 230 230 229 230 230 230 230 230 231
185 49 49 49 49 49 49 49 185 49 49 49 49 49 49 49 208 209 209 209 209 209 209 209 209 209 209 209 209 209 209 210 185 49 49 49 49 49 49 49 185 49 49 49 49 49 49 49 208 209 209 209 210 209 209 209 209 208 209 209 209 209 209 210
200 201 201 214 232 232 232 232 185 232 232 232 232 232 232 232 185 232 232 232 232 232 232 232 185 232 232 232 232 232 232 232 185 232 232 232 232 232 232 232 185 232 232 232 232 232 232 232 185 232 232 232 232 232 232 232 185 232 232 232 232 232 232 232
229 230 230 231 186 186 186 186 185 186 186 186 186 186 186 186 185 186 186 186 186 186 186 186 185 186 186 186 186 186 186 186 185 186 186 186 186 186 186 186 185 186 186 186 186 186 186 186 185 186 186 186 186 186 186 186 185 186 186 186 186 186 186 186
238 239 239 240 49 49 49 49 192 191 49 49 49 195 49 49 192 49 49 49 49 49 49 49 192 191 49 49 49 49 190 49 192 49 49 49 49 49 49 49 192 191 49 49 49 49 190 49 192 49 49 49 49 49 49 49 192 49 190 191 49 49 190 49
238 239 239 240 205 212 212 212 212 206 191 190 191 190 49 49 189 191 49 49 190 191 49 190 189 49 191 190 191 190 49 49 192 191 49 49 190 191 49 49 192 49 191 190 191 190 49 49 189 191 49 49 190 191 49 49 189 190 49 49 191 190 49 49
229 230 230 231 49 49 49 49 218 49 49 49 49 49 49 49 189 49 191 190 49 215 216 49 189 49 49 49 49 49 49 49 189 49 191 190 49 49 191 49 192 49 49 49 49 49 49 49 189 49 191 190 49 49 191 190 189 49 49 49 49 49 49 49
238 239 239 240 49 49 49 213 192 49 49 49 49 49 200 202 192 49 49 49 49 49 49 49 192 207 200 202 207 207 207 207 189 49 49 49 49 49 49 191 245 49 49 49 49 49 49 49 189 207 200 202 207 207 207 200 202 207 207 207 200 202 207 211
238 239 239 240 207 207 213 49 192 207 207 207 207 207 229 231 185 49 49 49 49 49 49 49 189 49 229 231 49 49 49 49 189 207 207 207 207 207 207 207 192 207 207 207 207 207 207 207 192 49 229 231 49 49 49 229 231 49 49 49 229 231 49 49
208 209 209 210 49 49 49 49 192 49 205 212 212 206 208 210 200 201 202 207 207 207 207 207 189 207 208 209 200 201 201 202 192 49 49 49 49 49 49 191 192 49 49 49 49 49 49 213 200 214 208 210 200 201 202 208 210 200 201 202 208 210 201 202
218 49 49 49 49 205 206 49 189 49 49 49 49 49 49 49 229 230 231 49 49 49 49 213 192 49 49 49 49 49 49 49 192 49 49 49 49 49 49 49 192 49 49 49 49 49 213 49 218 49 49 49 49 49 49 49 218 49 49 49 49 49 49 49
192 49 49 49 49 49 49 213 189 49 49 49 49 49 49 213 238 239 240 207 213 195 213 49 189 195 207 207 249 49 250 207 189 49 49 49 49 49 49 213 189 49 49 49 49 49 191 49 189 49 49 220 221 49 49 213 189 195 213 195 49 49 49 49
189 49 49 49 49 49 49 191 192 49 49 49 49 49 213 49 238 239 240 213 49 49 49 49 189 190 49 49 49 49 49 213 192 49 49 49 49 49 49 191 189 49 49 49 49 49 49 191 185 49 49 222 223 49 49 191 185 49 49 49 195 49 49 49
192 207 207 207 207 207 207 207 192 207 207 207 207 213 49 49 238 239 240 49 49 49 49 49 185 207 207 207 207 207 213 49 192 207 207 207 207 207 207 207 192 207 207 207 207 207 207 207 185 207 207 225 226 207 207 207 185 49 49 49 49 195 207 211
200 202 49 49 49 49 49 49 189 49 49 49 49 49 49 200 238 239 240 200 201 214 201 251 252 201 214 201 201 251 252 202 189 190 49 49 49 49 49 49 192 49 49 49 49 49 49 191 200 201 228 201 201 228 201 201 214 201 201 201 201 214 201 202
229 230 200 202 49 49 49 49 185 49 49 49 49 200 202 231 229 230 230 230 230 230 230 230 230 230 230 230 230 230 230 231 185 49 49 49 49 49 49 49 185 49 49 49 49 49 49 49 229 230 230 230 230 230 230 230 230 230 230 230 230 230 230 231
208 209 209 210 49 49 49 49 185 49 49 49 49 208 209 210 208 209 209 209 209 209 209 209 209 209 209 209 209 209 209 210 185 49 49 49 49 49 49 49 185 49 49 49 49 49 49 49 208 209 209 209 209 209 209 209 209 209 209 209 209 209 209 253
185 232 232 232 232 232 232 232 185 232 232 232 232 232 232 232 200 201 201 201 201 201 201 201 201 201 201 201 201 201 201 202 185 232 232 232 232 232 232 232 185 232 232 232 232 232 232 232 200 201 201 214 201 201 254 255 255 255 256 201 214 201 201 202
185 49 49 195 49 49 213 49 185 49 49 49 49 49 49 190 229 230 230 230 230 230 230 230 230 230 230 230 230 230 230 231 185 186 186 186 186 186 186 186 185 186 186 186 186 186 186 186 185 186 186 186 186 186 229 230 230 230 231 186 186 186 257 258
192 49 49 49 195 213 49 49 192 191 49 49 49 49 190 49 208 209 209 209 209 209 209 209 209 209 209 209 209 209 209 210 192 190 191 49 49 49 49 49 189 191 49 49 49 49 190 49 189 49 49 49 49 49 229 230 230 230 231 49 49 49 259 260
189 191 49 49 190 191 49 49 192 49 191 190 191 190 49 49 238 239 239 239 239 240 49 49 49 49 238 239 239 239 239 240 192 49 49 191 190 191 49 49 189 49 191 190 191 190 49 49 192 191 49 49 190 191 229 230 230 230 231 190 191 190 257 261
192 49 191 190 49 49 191 49 189 49 49 49 49 49 49 49 238 239 239 239 239 240 191 49 190 191 238 239 239 239 239 240 192 49 49 49 49 49 200 201 201 201 202 49 49 49 49 49 192 49 191 190 49 49 229 230 230 230 231 49 49 49 259 260
192 49 49 49 49 49 49 191 192 49 49 49 49 49 49 49 238 239 239 239 239 240 205 212 212 206 238 239 239 239 239 240 200 201 201 202 49 49 208 209 209 209 210 49 49 49 49 49 189 207 207 207 207 207 229 230 230 230 231 207 207 207 257 258
192 207 207 207 207 207 207 207 192 207 207 207 207 207 207 207 238 239 239 239 239 240 49 49 49 49 238 239 239 239 239 240 229 230 230 231 49 49 49 49 218 49 49 49 49 49 49 49 192 207 200 202 207 207 229 230 230 230 231 207 207 207 259 260
189 49 49 49 49 49 49 191 192 49 49 49 49 49 49 213 208 209 209 209 209 210 49 49 49 49 208 209 209 209 209 210 208 209 209 210 207 207 207 207 192 207 207 207 207 200 201 202 189 49 229 231 49 49 229 230 230 230 231 49 49 49 257 261
189 49 49 49 49 49 49 49 192 49 49 49 49 49 213 49 218 49 49 49 49 49 195 49 49 49 49 49 49 49 49 49 218 49 49 49 49 49 49 191 189 49 49 49 49 49 49 49 189 49 229 231 49 49 208 209 209 209 210 49 49 213 259 260
192 49 49 49 49 49 49 213 189 49 49 49 49 49 191 49 189 49 49 49 49 49 190 49 213 195 49 49 49 49 49 49 189 49 49 49 49 49 49 49 192 49 49 49 49 49 49 213 189 49 229 231 49 49 49 49 218 49 49 195 213 49 262 263
185 49 49 49 49 49 49 191 185 49 49 49 49 49 49 191 185 49 49 49 49 190 49 213 49 49 195 49 49 49 49 213 185 49 49 49 49 49 49 49 185 49 49 49 49 49 213 49 185 49 229 231 49 264 265 49 185 49 49 49 49 49 266 267
185 207 207 207 207 207 207 207 185 207 207 207 207 207 207 207 185 49 49 49 49 195 213 49 49 49 49 195 207 207 213 49 185 207 207 207 207 207 207 207 185 207 207 207 207 213 49 49 185 207 229 231 207 207 49 207 185 191 49 49 49 49 266 267
200 201 201 214 201 201 201 201 214 201 201 251 252 214 201 202 200 201 201 201 201 201 201 201 201 201 201 201 201 201 201 202 200 201 201 201 201 201 201 201 201 201 201 251 252 201 201 202 200 201 229 231 201 214 228 228 228 228 228 201 201 201 201 202
229 230 230 230 230 230 230 230 230 230 230 230 230 230 230 231 229 230 230 230 230 230 230 230 230 230 230 230 230 230 230 231 229 230 230 230 230 230 230 230 230 230 230 230 230 230 230 231 229 230 230 230 230 230 230 231 230 230 230 230 230 230 230 231
268 269 269 269 269 269 269 269 269 269 269 269 269 269 269 270 271 269 269 269 269 269 269 269 269 269 269 269 269 269 269 270 271 269 269 269 269 269 269 269 269 269 269 269 269 269 269 270 271 269 269 269 269 269 269 272 269 269 269 269 269 269 269 270
59
0 864 656 64 8
0 832 752 32 8
0 944 752 32 8
0 672 848 64 8
0 64 752 32 8
0 176 752 32 8
0 336 416 32 839
1 800 144 32 96
1 0 944 16 944
1 1008 944 16 944
1 320 944 64 80
1 288 880 32 16
1 80 880 48 32
1 848 880 48 32
1 512 848 128 16
1 976 768 32 48
1 256 800 64 32
1 368 800 32 32
1 432 800 32 32
1 208 768 624 48
1 256 720 256 240
1 16 768 48 48
1 16 480 48 128
1 16 288 16 48
1 32 272 32 32
1 800 400 32 32
1 880 400 32 32
1 960 400 32 32
1 768 368 240 16
1 768 288 240 64
1 864 224 80 128
1 720 128 48 16
1 608 176 80 32
1 416 400 32 48
1 448 368 64 16
1 16 48 992 16
1 784 608 48 16
1 960 608 48 16
1 224 400 32 48
1 256 368 48 80
1 240 288 16 48
1 208 272 32 32
1 256 288 256 96
1 256 192 96 80
1 416 192 96 80
1 512 160 64 48
1 0 960 1024 16
1 768 528 24 48
1 792 512 216 32
3 160 848 64 8
3 464 880 32 8
3 928 848 64 8
3 848 592 32 8
3 912 592 32 8
3 352 160 64 8
3 80 352 32 8
3 160 368 64 8
3 64 432 96 8
7 784 528 224 16