39
32 872 72
32 920 72
24 103 900 -1 0
24 247 800 0 0
24 357 800 0 0
29 90 200 80
29 610 895 80
30 803 712 1
30 894 631 1
30 920 740 0
23 280 904
10 576 792 1 65 49
10 832 312 2 65 49
25 136 632
26 672 536 80
27 648 404 48
28 600 320 56 64 5
14 247 415 0
14 40 320 180
14 376 63 0
14 376 79 0
14 568 190 90
8 104 904 30 0 6 6 6 6 6 6 6 6 6 6 6 6 6 6 6 6 6 6 6 6 6 6 6 6 6 6 6 6 6
8 152 808 28 3 6 6 6 6 6 6 6 6 6 6 6 6 6 6 6 6 6 6 6 6 6 6 6 6 6 6 6
8 456 904 1 5
8 536 872 28 3 6 6 6 6 6 6 6 6 6 6 6 6 6 6 6 6 6 6 6 6 6 6 6 6 6 6 6
8 872 904 1 5
8 920 808 1 3
8 1000 632 1 1
8 232 424 1 3
8 40 312 1 7
8 88 216 1 0
8 216 72 1 3
8 392 120 1 4
8 680 72 1 3
8 536 184 1 5
8 472 312 1 3
8 984 408 1 5
8 984 312 1 3