16 14
76 76 77 76 76 76 77 76 76 76 77 76 76 76 77 76
78 78 78 78 78 78 78 78 78 78 78 78 78 78 78 78
79 79 79 79 79 79 79 79 79 79 79 79 79 79 79 79
79 79 79 79 79 79 79 79 79 79 79 79 79 79 79 79
79 79 79 79 79 80 79 79 79 79 79 79 79 79 79 79
79 79 79 79 79 79 79 79 79 79 79 79 79 79 79 79
79 79 79 81 82 83 79 79 79 79 79 80 79 79 79 79
79 79 79 79 79 79 79 79 79 79 79 79 79 79 79 79
79 80 79 79 79 79 79 79 79 79 79 79 79 79 79 79
79 79 79 79 79 79 79 79 79 79 79 79 79 79 79 79
79 79 79 79 79 79 79 79 79 79 79 79 79 79 79 79
84 84 84 84 84 84 84 84 84 84 84 84 84 84 84 84
85 85 85 85 85 85 85 85 85 85 85 85 85 85 85 85
49 49 49 49 49 49 49 49 49 49 49 49 49 49 49 49
